0 0.20493333333333333 0.8222222222222222 0.054311111111111116 0.19257777777777776
0 0.32715555555555553 0.8407555555555555 0.012355555555555555 0.002488888888888889
0 0.3247111111111111 0.7456888888888888 0.12097777777777777 0.18764444444444445
0 0.4222222222222222 0.5172888888888889 0.13333333333333333 0.11604444444444444
0 0.6370222222222223 0.40742222222222224 0.04937777777777778 0.14813333333333334
0 0.7938222222222223 0.2111111111111111 0.17035555555555554 0.1358222222222222
0 0.3172888888888889 0.4580444444444445 0.046933333333333334 0.04195555555555555
0 0.3493777777777778 0.3493777777777778 0.056799999999999996 0.04195555555555555
0 0.2629777777777778 0.28395555555555557 0.04195555555555555 0.04937777777777778
0 0.3568 0.1370222222222222 0.056799999999999996 0.14075555555555555
0 0.27035555555555557 0.11359999999999999 0.07653333333333333 0.0740888888888889
0 0.19257777777777776 0.23951111111111112 0.0740888888888889 0.05924444444444445
0 0.22964444444444446 0.16666666666666666 0.07902222222222223 0.04195555555555555
0 0.28026666666666666 0.03702222222222222 0.0716 0.054311111111111116
0 0.5358222222222222 0.8752888888888889 0.11853333333333334 0.19013333333333335
0 0.8185333333333332 0.9234666666666667 0.1802666666666667 0.10862222222222223
0 0.5518666666666667 0.6444444444444445 0.061733333333333335 0.10368888888888889