7 0.1892526690391459 0.20199999999999999 0.19733096085409255 0.07072222222222223
7 0.17064056939501782 0.1111111111111111 0.17309608540925267 0.08583333333333333
7 0.6640213523131673 0.4861111111111111 0.11160142348754448 0.07322222222222222
7 0.5556583629893238 0.27144444444444443 0.08249110320284697 0.15405555555555556
7 0.47153024911032027 0.1225 0.050142348754448396 0.10861111111111112
7 0.4181494661921708 0.2601111111111111 0.09220640569395018 0.15655555555555556
7 0.3510320284697509 0.5176666666666667 0.13587188612099643 0.1363888888888889
7 0.2491103202846975 0.702 0.051779359430604986 0.17172222222222222
7 0.06227758007117438 0.5934444444444444 0.12455516014234876 0.13133333333333333
7 0.36476868327402134 0.9015000000000001 0.05661921708185053 0.09594444444444444
7 0.7327758007117438 0.6818333333333334 0.0905693950177936 0.09088888888888888
7 0.936761565836299 0.6565555555555556 0.12651245551601423 0.08583333333333333
7 0.8791814946619217 0.5050555555555556 0.10192170818505339 0.06566666666666666