0 0.5213616071428572 0.48853571428571424 0.054218749999999996 0.09949999999999999
0 0.4360714285714286 0.48467857142857146 0.058995535714285716 0.08675
0 0.42410714285714285 0.5905714285714286 0.07015625 0.038250000000000006
0 0.24395089285714286 0.662 0.054218749999999996 0.033178571428571425
0 0.18095982142857142 0.5267857142857143 0.058995535714285716 0.06889285714285714
0 0.060580357142857144 0.6517857142857143 0.03189732142857143 0.11989285714285715
0 0.14667410714285714 0.8443928571428572 0.04783482142857143 0.08164285714285714
0 0.19292410714285715 0.3482142857142857 0.05738839285714286 0.05357142857142857
0 0.3651116071428571 0.48467857142857146 0.03189732142857143 0.09692857142857143
0 0.8362499999999999 0.33675000000000005 0.049419642857142856 0.030607142857142857
0 0.8497991071428571 0.47575 0.044642857142857144 0.06378571428571428
0 0.8043750000000001 0.4030714285714286 0.05261160714285714 0.06632142857142857
0 0.7397991071428571 0.412 0.05738839285714286 0.04846428571428572
0 0.7007366071428571 0.6173571428571429 0.033482142857142856 0.04592857142857143
0 0.5931026785714285 0.5267857142857143 0.04145089285714286 0.06889285714285714
0 0.48948660714285713 0.8227142857142857 0.025513392857142856 0.017857142857142856
0 0.7724776785714286 0.7755 0.033482142857142856 0.04592857142857143
0 0.44642857142857145 0.7410714285714286 0.022321428571428572 0.05357142857142857
0 0.29176339285714287 0.7525357142857143 0.044642857142857144 0.030607142857142857
0 0.8003794642857143 0.25 0.035066964285714285 0.09692857142857143
0 0.8976339285714285 0.13010714285714287 0.0159375 0.05610714285714286
0 0.7429910714285715 0.13775 0.03189732142857143 0.08675