0 0.6283870967741936 0.7570552147239265 0.04129032258064516 0.09079754601226994
0 0.5445161290322581 0.7901840490797547 0.06709677419354838 0.1079754601226994
0 0.4180645161290322 0.954601226993865 0.1135483870967742 0.0736196319018405
0 0.2174193548387097 0.9349693251533743 0.07870967741935483 0.06871165644171778
0 0.09483870967741935 0.9374233128834356 0.06064516129032258 0.0785276073619632
0 0.08709677419354839 0.7705521472392638 0.04 0.14233128834355827
0 0.18193548387096772 0.758282208588957 0.05161290322580645 0.11779141104294479
0 0.3109677419354839 0.803680981595092 0.08516129032258064 0.09079754601226994
0 0.24258064516129033 0.645398773006135 0.03612903225806451 0.11779141104294479
0 0.3070967741935484 0.49079754601226994 0.03612903225806451 0.11779141104294479
0 0.38451612903225807 0.5828220858895705 0.04129032258064516 0.12515337423312883
0 0.49612903225806454 0.6147239263803681 0.05548387096774193 0.15950920245398773
0 0.5954838709677419 0.6171779141104294 0.04 0.10061349693251533
0 0.4012903225806452 0.3116564417177914 0.023225806451612905 0.10306748466257669
0 0.3406451612903226 0.26380368098159507 0.03354838709677419 0.08588957055214724
0 0.44967741935483874 0.21840490797546014 0.03483870967741936 0.17177914110429449
0 0.5116129032258064 0.3398773006134969 0.05548387096774193 0.09079754601226994
0 0.6225806451612903 0.23558282208588957 0.04258064516129032 0.09325153374233128
0 0.9135483870967741 0.6343558282208589 0.06967741935483872 0.09079754601226994
0 0.9251612903225807 0.5177914110429448 0.03354838709677419 0.0736196319018405
0 0.44516129032258067 0.8404907975460123 0.03354838709677419 0.04171779141104295
0 0.42 0.7570552147239265 0.04516129032258064 0.07116564417177913
0 0.4909677419354838 0.11042944785276074 0.029677419354838707 0.1276073619631902
0 0.5735483870967742 0.16441717791411042 0.014193548387096775 0.044171779141104296