8 0.960488888888889 0.6284 0.06417777777777778 0.10617777777777777
8 0.8740888888888888 0.7777777777777778 0.06417777777777778 0.13826666666666668
8 0.7444444444444445 0.7506222222222222 0.061733333333333335 0.12346666666666667
8 0.6136 0.8111111111111111 0.046933333333333334 0.08146666666666666
8 0.5395111111111112 0.7271555555555557 0.03702222222222222 0.10124444444444446
8 0.44075555555555557 0.7012444444444444 0.03208888888888889 0.06915555555555555
8 0.4136 0.8049333333333334 0.06666666666666667 0.08395555555555556
8 0.15555555555555556 0.7864 0.12840000000000001 0.0864
8 0.30617777777777777 0.6074222222222222 0.024666666666666667 0.13826666666666668
8 0.12346666666666667 0.5555555555555556 0.09382222222222222 0.18764444444444445
8 0.29506666666666664 0.46542222222222224 0.04195555555555555 0.1111111111111111
8 0.20986666666666667 0.3395111111111111 0.029644444444444445 0.1506222222222222
8 0.12840000000000001 0.36048888888888886 0.03457777777777778 0.10862222222222223
8 0.03702222222222222 0.30617777777777777 0.054311111111111116 0.08395555555555556
8 0.08764444444444444 0.21973333333333334 0.06666666666666667 0.09875555555555555
8 0.2136 0.21973333333333334 0.04195555555555555 0.044444444444444446
8 0.3506222222222222 0.32222222222222224 0.15804444444444446 0.046933333333333334
8 0.6061777777777777 0.44693333333333335 0.03208888888888889 0.09382222222222222
8 0.4765333333333333 0.41604444444444444 0.08888888888888889 0.1111111111111111
8 0.5518666666666667 0.28888888888888886 0.061733333333333335 0.08395555555555556
8 0.9259111111111111 0.5049333333333333 0.11853333333333334 0.051866666666666665
8 0.7703555555555556 0.4925777777777778 0.0740888888888889 0.061733333333333335
8 0.6950666666666666 0.5123555555555556 0.03208888888888889 0.056799999999999996
8 0.39257777777777775 0.5506222222222222 0.054311111111111116 0.0740888888888889
8 0.4703555555555555 0.5555555555555556 0.01728888888888889 0.08888888888888889
8 0.5864 0.5703555555555556 0.012355555555555555 0.08395555555555556
8 0.5209777777777778 0.6 0.054311111111111116 0.08395555555555556