0 0.16838709677419356 0.7705521472392638 0.04516129032258064 0.2404907975460123
0 0.24451612903225806 0.6184049079754601 0.04516129032258064 0.147239263803681
0 0.3096774193548387 0.4785276073619632 0.03354838709677419 0.18650306748466255
0 0.3935483870967742 0.30306748466257666 0.03870967741935484 0.17423312883435582
0 0.3470967741935484 0.29325153374233126 0.02838709677419355 0.12515337423312883
0 0.5045161290322581 0.3619631901840491 0.08516129032258064 0.13987730061349693
0 0.4761290322580645 0.6404907975460123 0.06451612903225806 0.1325153374233129
0 0.2845161290322581 0.7779141104294478 0.06322580645161291 0.06871165644171778
0 0.18064516129032257 0.9496932515337424 0.06451612903225806 0.06871165644171778
0 0.3870967741935484 0.9619631901840492 0.11870967741935483 0.0736196319018405
0 0.432258064516129 0.826993865030675 0.06451612903225806 0.0785276073619632
0 0.4174193548387097 0.7349693251533742 0.07354838709677419 0.056441717791411036
0 0.39806451612903226 0.5779141104294478 0.07096774193548387 0.20368098159509204
0 0.08193548387096773 0.754601226993865 0.06580645161290322 0.2380368098159509
0 0.5993548387096774 0.6085889570552148 0.08387096774193549 0.147239263803681
0 0.6767741935483871 0.3104294478527607 0.05548387096774193 0.04662576687116564