5 0.936 0.7746666666666666 0.052 0.08266666666666667
5 0.844 0.6666666666666666 0.04 0.058666666666666666
5 0.803 0.544 0.026 0.037333333333333336
5 0.853 0.4146666666666667 0.034 0.050666666666666665
5 0.973 0.3546666666666667 0.026 0.032
5 0.961 0.24 0.034 0.058666666666666666
5 0.884 0.284 0.044 0.050666666666666665
5 0.715 0.3293333333333333 0.058 0.056
5 0.559 0.2613333333333333 0.046 0.058666666666666666
5 0.447 0.196 0.038 0.050666666666666665
5 0.335 0.16533333333333333 0.058 0.058666666666666666
5 0.339 0.42933333333333334 0.042 0.048
5 0.278 0.6453333333333333 0.036 0.037333333333333336
5 0.061 0.804 0.03 0.050666666666666665
5 0.4 0.8746666666666667 0.032 0.042666666666666665
5 0.363 0.8106666666666666 0.03 0.037333333333333336
5 0.454 0.8293333333333334 0.032 0.048
5 0.67 0.9666666666666667 0.028 0.050666666666666665
5 0.64 0.648 0.044 0.058666666666666666
5 0.502 0.6133333333333333 0.028 0.07466666666666667
5 0.566 0.5773333333333334 0.028 0.056
5 0.611 0.5306666666666666 0.03 0.037333333333333336
5 0.615 0.5906666666666667 0.026 0.04533333333333334