6 0.7 0.7343324250681199 0.09090909090909091 0.1444141689373297
6 0.5890909090909091 0.7356948228882834 0.04 0.05994550408719346
6 0.6172727272727273 0.5681198910081744 0.03090909090909091 0.07901907356948229
6 0.47545454545454546 0.5149863760217984 0.11454545454545455 0.14713896457765668
6 0.3790909090909091 0.782016348773842 0.07454545454545454 0.11989100817438691
6 0.12363636363636364 0.6771117166212534 0.10545454545454545 0.11171662125340599
6 0.07818181818181819 0.45776566757493187 0.04727272727272727 0.07084468664850137
6 0.23454545454545456 0.335149863760218 0.08727272727272728 0.16893732970027248
6 0.07636363636363637 0.17166212534059946 0.04 0.05449591280653951
6 0.14636363636363636 0.09809264305177112 0.045454545454545456 0.09264305177111716
6 0.35 0.14305177111716622 0.056363636363636366 0.08991825613079019
6 0.6 0.1307901907356948 0.05454545454545454 0.09264305177111716
6 0.5445454545454546 0.2724795640326976 0.045454545454545456 0.09809264305177112
6 0.37636363636363634 0.34332425068119893 0.05818181818181818 0.07084468664850137
6 0.81 0.29291553133514986 0.11090909090909092 0.20435967302452315
6 0.7027272727272728 0.41689373297002724 0.045454545454545456 0.0653950953678474
6 0.85 0.8678474114441417 0.056363636363636366 0.07356948228882834
6 0.16090909090909092 0.9168937329700273 0.04909090909090909 0.06267029972752043
6 0.8663636363636363 0.6512261580381471 0.06 0.04904632152588556
6 0.38272727272727275 0.5272479564032697 0.038181818181818185 0.0681198910081744
6 0.93 0.2997275204359673 0.034545454545454546 0.0653950953678474