0 0.11450331125827815 0.6911377245508982 0.09933774834437085 0.12976047904191618
0 0.21453642384105961 0.6050299401197605 0.09245033112582782 0.07233532934131737
0 0.2904304635761589 0.4079041916167665 0.1090066225165563 0.12227544910179641
0 0.4573509933774835 0.40544910179640714 0.07589403973509934 0.12227544910179641
0 0.6043046357615894 0.33431137724550897 0.06069536423841059 0.04491017964071856
0 0.8788741721854305 0.37922155688622755 0.0855298013245033 0.10479041916167664
0 0.7878145695364238 0.5801197604790419 0.06897350993377482 0.08233532934131736
0 0.7443377483443708 0.7759281437125749 0.07589403973509934 0.0648502994011976
0 0.5166887417218543 0.5938323353293413 0.006887417218543046 0.004970059880239521
0 0.5704966887417219 0.5975449101796407 0.11450331125827815 0.12724550898203593
0 0.3435430463576159 0.6325149700598802 0.06897350993377482 0.08233532934131736
0 0.2876490066225166 0.8308383233532934 0.04552980132450331 0.04988023952095808
0 0.18142384105960266 0.817125748502994 0.07864238410596026 0.07233532934131737