6 0.48098181818181823 0.5091803278688525 0.11570909090909091 0.19371584699453553
6 0.19338181818181818 0.31420765027322406 0.09585454545454546 0.15650273224043715
6 0.13967272727272725 0.08693989071038251 0.06447272727272728 0.12918032786885247
6 0.3685818181818182 0.7625683060109291 0.07934545454545455 0.14404371584699452
6 0.6826545454545454 0.7054098360655738 0.07272727272727272 0.16393442622950818
6 0.847090909090909 0.8556830601092896 0.0710909090909091 0.09688524590163934
6 0.7966909090909091 0.3104918032786885 0.1124 0.19868852459016392
6 0.7016363636363636 0.4061202185792349 0.02810909090909091 0.042240437158469944
6 0.5561818181818181 0.25459016393442624 0.038 0.05218579234972678
6 0.37189090909090905 0.33530054644808743 0.049600000000000005 0.06459016393442624
0 0.07603636363636364 0.4545355191256831 0.049600000000000005 0.04967213114754098
6 0.13305454545454545 0.6631693989071038 0.061163636363636364 0.06459016393442624
6 0.07687272727272727 0.4595081967213115 0.051236363636363635 0.04967213114754098
6 0.5776727272727273 0.7240437158469946 0.051236363636363635 0.05710382513661202
6 0.6140363636363637 0.5663387978142077 0.044618181818181814 0.0546448087431694
6 0.37687272727272725 0.5253551912568306 0.033054545454545455 0.0273224043715847
6 0.20745454545454545 0.5327868852459017 0.03472727272727273 0.002459016393442623
6 0.1496 0.9040983606557377 0.07436363636363637 0.09934426229508196
6 0.8578545454545454 0.6581967213114754 0.03636363636363636 0.06459016393442624