1 0.182007722007722 0.5252577319587629 0.11030888030888031 0.07855670103092784
1 0.2803861003861004 0.5031958762886598 0.08640926640926641 0.12762886597938145
1 0.39895752895752895 0.3497938144329897 0.08826254826254826 0.05644329896907216
1 0.8484942084942084 0.6652061855670104 0.09745173745173745 0.07365979381443298
1 0.7584169884169885 0.20618556701030927 0.09378378378378378 0.1620103092783505
1 0.626949806949807 0.43324742268041233 0.018378378378378378 0.10556701030927836
1 0.5653667953667953 0.35345360824742267 0.03494208494208494 0.04417525773195877
1 0.2427027027027027 0.25283505154639174 0.0477992277992278 0.08345360824742269
1 0.30061776061776063 0.32768041237113404 0.03861003861003861 0.05644329896907216
1 0.7106177606177606 0.49582474226804124 0.04594594594594595 0.06381443298969072
1 0.8255212355212356 0.5473711340206185 0.09193050193050192 0.1325257731958763