0 0.18524647887323945 0.5305649717514124 0.021443661971830986 0.04915254237288135
0 0.16915492957746478 0.7000564971751412 0.0198943661971831 0.044237288135593224
0 0.11866197183098592 0.6067231638418079 0.013767605633802818 0.05892655367231638
0 0.5075 0.4789830508474576 0.041338028169014086 0.029491525423728814
0 0.427112676056338 0.480225988700565 0.03369718309859155 0.05649717514124294
0 0.8565492957746479 0.4753107344632768 0.04440140845070422 0.04666666666666667
0 0.8029577464788732 0.4077401129943503 0.026021126760563378 0.04915254237288135
0 0.7601056338028169 0.4224858757062147 0.0198943661971831 0.04915254237288135
0 0.7447887323943663 0.13389830508474576 0.022957746478873237 0.09581920903954803
0 0.8596126760563381 0.21983050847457625 0.02908450704225352 0.05649717514124294
0 0.8167605633802817 0.26531073446327685 0.02908450704225352 0.07858757062146893
0 0.6116197183098591 0.5698870056497175 0.035211267605633804 0.07858757062146893
0 0.5595422535211267 0.47288135593220343 0.0015140845070422534 0.04666666666666667
0 0.469225352112676 0.6411299435028249 0.03827464788732394 0.03932203389830508
0 0.780774647887324 0.7663841807909605 0.03369718309859155 0.05406779661016949
0 0.7126408450704225 0.6558757062146893 0.022957746478873237 0.05892655367231638
0 0.6904577464788733 0.5428813559322034 0.024507042253521127 0.04915254237288135
0 0.3283802816901409 0.7823728813559322 0.03827464788732394 0.06141242937853107
0 0.2587323943661972 0.707457627118644 0.021443661971830986 0.06384180790960452
0 0.31690140845070425 0.6632203389830509 0.05816901408450704 0.12282485875706214
0 0.4883802816901408 0.7946327683615819 0.030633802816901406 0.05649717514124294
0 0.4416549295774648 0.7295480225988701 0.0198943661971831 0.044237288135593224
0 0.2832042253521127 0.46180790960451973 0.03672535211267606 0.04915254237288135
0 0.14774647887323944 0.8376271186440677 0.03827464788732394 0.03932203389830508
0 0.20362676056338028 0.8523728813559323 0.0397887323943662 0.06875706214689266
0 0.14848591549295775 0.28124293785310733 0.02757042253521127 0.07124293785310734