0 0.4264363636363636 0.25333333333333335 0.07272727272727272 0.07950819672131149
0 0.4016363636363636 0.4396174863387978 0.039672727272727276 0.1390710382513661
0 0.34876363636363633 0.4855737704918033 0.03636363636363636 0.12169398907103825
0 0.3677818181818182 0.6843169398907104 0.05454545454545454 0.10185792349726776
0 0.2842909090909091 0.9103278688524591 0.03636363636363636 0.10185792349726776
0 0.2066181818181818 0.9550273224043716 0.05949090909090909 0.07202185792349726
0 0.16199999999999998 0.7948087431693989 0.05618181818181818 0.06459016393442624
0 0.08345454545454545 0.5340437158469945 0.06778181818181818 0.07950819672131149
0 0.28098181818181817 0.264535519125683 0.05949090909090909 0.09191256830601092
0 0.42810909090909094 0.15650273224043715 0.06610909090909091 0.07453551912568307
0 0.5173454545454546 0.08196721311475409 0.07272727272727272 0.08442622950819671
0 0.6305818181818181 0.16021857923497268 0.051236363636363635 0.21612021857923497
0 0.6347272727272728 0.3924590163934426 0.08596363636363637 0.08939890710382513
0 0.5677818181818182 0.6197267759562841 0.09090909090909091 0.18131147540983605
0 0.47189090909090914 0.7973224043715846 0.08429090909090908 0.07950819672131149
0 0.32727272727272727 0.761311475409836 0.07934545454545455 0.17136612021857922
0 0.28345454545454546 0.9040983606557377 0.044618181818181814 0.06459016393442624
0 0.1628 0.8283606557377049 0.05454545454545454 0.04721311475409836
0 0.1124 0.6557377049180327 0.05949090909090909 0.11426229508196721
0 0.23221818181818182 0.1390710382513661 0.041309090909090906 0.11923497267759563
0 0.3561818181818182 0.07327868852459017 0.07436363636363637 0.10185792349726776
0 0.7809818181818182 0.7166120218579234 0.07767272727272727 0.10683060109289617
0 0.8876000000000001 0.5030054644808744 0.042981818181818184 0.12169398907103825
0 0.8090909090909091 0.2955737704918033 0.0710909090909091 0.06459016393442624
0 0.9281090909090909 0.3079781420765027 0.038 0.059617486338797814
0 0.9181818181818182 0.860655737704918 0.05785454545454546 0.07202185792349726
0 0.8942181818181818 0.9600000000000001 0.05290909090909091 0.04721311475409836
0 0.558690909090909 0.7712568306010928 0.029745454545454544 0.10185792349726776
0 0.5446181818181819 0.19497267759562842 0.08429090909090908 0.07202185792349726