0 0.1821830985915493 0.5293785310734463 0.045915492957746475 0.07124293785310734
0 0.0573943661971831 0.6546327683615819 0.032147887323943664 0.11056497175141243
0 0.14926056338028168 0.8450282485875705 0.04440140845070422 0.06875706214689266
0 0.4233098591549296 0.6005649717514124 0.06278169014084506 0.06632768361581921
0 0.43172535211267604 0.4924858757062147 0.045915492957746475 0.07615819209039548
0 0.5197535211267607 0.4949717514124294 0.05971830985915493 0.09581920903954803
0 0.7447887323943663 0.40406779661016945 0.032147887323943664 0.06632768361581921
0 0.8045070422535211 0.4089830508474576 0.04440140845070422 0.0515819209039548
0 0.8420070422535211 0.4777966101694915 0.0397887323943662 0.03192090395480226
0 0.5963028169014084 0.5440677966101695 0.04440140845070422 0.04666666666666667
0 0.6200352112676056 0.42988700564971755 0.055105633802816904 0.05406779661016949
0 0.4829929577464788 0.7958757062146893 0.0198943661971831 0.03932203389830508
0 0.2962323943661972 0.65954802259887 0.032147887323943664 0.04175141242937853
0 0.24341549295774648 0.6668926553672316 0.04285211267605634 0.04666666666666667
0 0.2503169014084507 0.47288135593220343 0.02908450704225352 0.08598870056497175
0 0.15538732394366198 0.29598870056497173 0.06890845070422535 0.04175141242937853
0 0.7455633802816902 0.13757062146892657 0.03369718309859155 0.07858757062146893
0 0.7708098591549296 0.7712994350282486 0.032147887323943664 0.044237288135593224
0 0.6965845070422536 0.632542372881356 0.030633802816901406 0.08107344632768361
0 0.2441901408450704 0.7823728813559322 0.02908450704225352 0.02209039548022599
0 0.34598591549295776 0.7086440677966102 0.021443661971830986 0.04175141242937853
0 0.1079225352112676 0.5109039548022599 0.0198943661971831 0.029491525423728814
0 0.8573239436619718 0.2284180790960452 0.02757042253521127 0.044237288135593224
0 0.8374295774647887 0.3377401129943503 0.07961267605633802 0.03192090395480226