0 0.1 0.5013174603174603 0.08889166666666667 0.12433333333333334
0 0.04514166666666667 0.7619047619047619 0.07916666666666666 0.10052380952380952
0 0.15277500000000002 0.925920634920635 0.14166666666666666 0.12698412698412698
0 0.45625 0.4880952380952381 0.12916666666666668 0.22487301587301586
0 0.36666666666666664 0.27249206349206345 0.13055833333333333 0.14814285714285713
0 0.6430583333333333 0.42063492063492064 0.09444166666666666 0.19576190476190475
0 0.459025 0.9325396825396826 0.10416666666666667 0.07142857142857142
0 0.6555583333333334 0.8002698412698412 0.08055833333333333 0.10317460317460317
0 0.7722249999999999 0.5423333333333333 0.06666666666666667 0.15873015873015872
0 0.6263916666666667 0.6388888888888888 0.06389166666666667 0.12433333333333334
0 0.8319416666666667 0.7645555555555555 0.061108333333333334 0.12698412698412698
0 0.8451416666666667 0.41798412698412696 0.10694166666666667 0.058206349206349206
0 0.95625 0.6190476190476191 0.07916666666666666 0.13226984126984126