8 0.8010992907801419 0.9344692737430168 0.1676241134751773 0.07620111731843576
8 0.5939716312056738 0.794804469273743 0.1950354609929078 0.07620111731843576
8 0.39411347517730494 0.8887709497206704 0.18212765957446808 0.1523463687150838
8 0.22567375886524824 0.8392737430167597 0.08705673758865248 0.18027932960893855
8 0.09833333333333333 0.5611731843575419 0.11283687943262412 0.08128491620111732
8 0.1498936170212766 0.4735754189944134 0.16439716312056737 0.09905027932960894
8 0.10315602836879433 0.2818435754189944 0.17085106382978724 0.1930167597765363
8 0.4448581560283688 0.28441340782122904 0.17085106382978724 0.17776536312849162
8 0.5383687943262411 0.14854748603351955 0.09347517730496453 0.1447486033519553
8 0.32641843971631207 0.08379888268156424 0.11120567375886524 0.03044692737430168
8 0.5286879432624113 0.4532960893854749 0.15475177304964538 0.13458100558659217
8 0.9155319148936171 0.5599441340782123 0.10960992907801419 0.14983240223463687
8 0.8994326241134751 0.26027932960893857 0.08382978723404255 0.23614525139664808
8 0.75677304964539 0.3770949720670391 0.0499645390070922 0.18027932960893855
8 0.6689361702127659 0.6729050279329609 0.09347517730496453 0.045698324022346366