7 0.46976833976833976 0.8321134020618557 0.16729729729729728 0.08835051546391753
7 0.159034749034749 0.4369072164948454 0.06803088803088804 0.16690721649484538
7 0.24362934362934363 0.4246391752577319 0.05698841698841699 0.1325257731958763
7 0.29783783783783785 0.35469072164948456 0.036756756756756756 0.0859278350515464
7 0.34196911196911195 0.3031443298969072 0.018378378378378378 0.15463917525773196
7 0.40540540540540543 0.2945360824742268 0.03127413127413127 0.13747422680412372
7 0.4844787644787645 0.8676804123711341 0.15996138996138995 0.041752577319587626
7 0.7096911196911198 0.768298969072165 0.10664092664092664 0.014742268041237112
7 0.6931274131274132 0.7093814432989691 0.1286872586872587 0.024536082474226804
7 0.6775289575289575 0.6160824742268041 0.1415830115830116 0.03927835051546392
7 0.6435135135135135 0.5535051546391753 0.11397683397683397 0.017164948453608248
7 0.5616988416988417 0.5228350515463918 0.13054054054054054 0.01963917525773196
7 0.6784169884169885 0.45288659793814434 0.13239382239382239 0.0368041237113402
7 0.6113127413127414 0.4098969072164948 0.09745173745173745 0.004896907216494845
7 0.5322779922779923 0.3988659793814433 0.07907335907335908 0.041752577319587626
7 0.5543243243243243 0.30927835051546393 0.06065637065637066 0.04907216494845361