0 0.12072847682119206 0.6823952095808383 0.07864238410596026 0.1022754491017964
0 0.2000662251655629 0.8607784431137725 0.06897350993377482 0.08485029940119761
0 0.2980132450331126 0.8445508982035927 0.06622516556291391 0.09730538922155689
0 0.23662251655629138 0.6112574850299402 0.05655629139072847 0.0648502994011976
0 0.3111258278145695 0.37173652694610776 0.09794701986754967 0.0648502994011976
0 0.46701986754966884 0.3779640718562874 0.04278145695364238 0.06239520958083832
0 0.398046357615894 0.6225149700598802 0.05933774834437087 0.15221556886227547
0 0.5911920529801324 0.5950898203592814 0.08966887417218543 0.19712574850299402
0 0.6084437086092715 0.2644910179640719 0.05241721854304636 0.20958083832335328
0 0.8616225165562913 0.3318562874251497 0.09519867549668874 0.21958083832335332
0 0.8278145695364238 0.6262275449101796 0.09105960264900662 0.12473053892215567
0 0.7608940397350993 0.7946706586826348 0.08417218543046358 0.1022754491017964