0 0.3645982142857143 0.10248888888888888 0.1835267857142857 0.1456888888888889
0 0.43276785714285715 0.28271111111111114 0.14633928571428573 0.1358222222222222
0 0.5282589285714285 0.7382666666666667 0.10415178571428571 0.15804444444444446
0 0.39808035714285717 0.9259111111111111 0.09178571428571428 0.06915555555555555
0 0.3472321428571429 0.760488888888889 0.04959821428571428 0.08888888888888889
0 0.5295089285714286 0.5518666666666667 0.06696428571428571 0.09631111111111113
0 0.5803571428571429 0.4679111111111111 0.079375 0.03208888888888889
0 0.6051785714285715 0.36915555555555557 0.11410714285714285 0.046933333333333334
0 0.632455357142857 0.24444444444444444 0.08433035714285715 0.05924444444444445
0 0.9548660714285714 0.19137777777777779 0.079375 0.09631111111111113
0 0.9288392857142858 0.4530666666666667 0.1165625 0.03702222222222222
0 0.9635267857142857 0.5456888888888889 0.062008928571428576 0.06915555555555555
0 0.8841964285714285 0.6172888888888888 0.062008928571428576 0.039511111111111115
0 0.8965625 0.6938222222222222 0.07191964285714285 0.039511111111111115
0 0.8370535714285714 0.8197333333333333 0.05209821428571428 0.06915555555555555
0 0.7688392857142857 0.7752888888888889 0.059508928571428574 0.08395555555555556
0 0.34102678571428574 0.8716 0.007455357142857143 0.039511111111111115
0 0.2579464285714286 0.9568 0.10415178571428571 0.08146666666666666
0 0.10790178571428573 0.7370222222222222 0.09178571428571428 0.04195555555555555
0 0.23808035714285714 0.3827111111111111 0.059508928571428574 0.10862222222222223