8 0.5742999999999999 0.3125 0.031933333333333334 0.14386904761904762
8 0.4548666666666667 0.8817261904761905 0.06526666666666667 0.12648809523809523
8 0.30763333333333337 0.8630952380952381 0.11806666666666667 0.13392857142857142
8 0.2632 0.5183333333333333 0.0875 0.13392857142857142
8 0.2368 0.34351190476190474 0.11526666666666666 0.052083333333333336
8 0.42083333333333334 0.4079761904761905 0.12776666666666667 0.0719047619047619
8 0.5979333333333333 0.47744047619047614 0.07083333333333333 0.11654761904761904
8 0.7027666666666668 0.6386309523809525 0.0139 0.2058333333333333
8 0.6416666666666667 0.828392857142857 0.06390000000000001 0.20833333333333334
8 0.5104333333333333 0.658452380952381 0.0625 0.13142857142857142
8 0.4 0.6213095238095238 0.04443333333333333 0.10666666666666667
8 0.45416666666666666 0.2219642857142857 0.030566666666666666 0.12154761904761906
8 0.34026666666666666 0.26166666666666666 0.11666666666666667 0.04214285714285714
8 0.38123333333333337 0.10166666666666666 0.04583333333333333 0.10910714285714285
8 0.3229 0.15875 0.029166666666666667 0.11904761904761904