0 0.2 0.2032520325203252 0.024390243902439025 0.17073170731707318
0 0.1445121951219512 0.49390243902439024 0.032926829268292684 0.08536585365853659
0 0.325 0.4654471544715447 0.032926829268292684 0.09349593495934959
0 0.28353658536585363 0.4573170731707317 0.032926829268292684 0.10975609756097561
0 0.48048780487804876 0.21747967479674796 0.024390243902439025 0.10975609756097561
0 0.3853658536585366 0.5447154471544715 0.03170731707317073 0.08943089430894309
0 0.572560975609756 0.3170731707317073 0.03780487804878049 0.13008130081300814
0 0.5091463414634146 0.5426829268292683 0.03780487804878049 0.07723577235772358
0 0.6121951219512195 0.782520325203252 0.02926829268292683 0.08536585365853659
0 0.6615853658536586 0.6077235772357723 0.025609756097560974 0.12601626016260162
0 0.6957317073170731 0.3516260162601626 0.02804878048780488 0.13414634146341464
0 0.6530487804878049 0.9065040650406504 0.025609756097560974 0.08943089430894309
0 0.5548780487804879 0.7235772357723578 0.026829268292682926 0.06504065040650407