0 0.40661818181818177 0.10185792349726776 0.05290909090909091 0.09934426229508196
0 0.5628000000000001 0.10060109289617486 0.05454545454545454 0.12169398907103825
0 0.3842909090909091 0.29185792349726775 0.03141818181818182 0.10185792349726776
0 0.44130909090909093 0.34153005464480873 0.026436363636363636 0.10683060109289617
0 0.3628 0.43344262295081964 0.041309090909090906 0.09688524590163934
0 0.37520000000000003 0.5240983606557377 0.033054545454545455 0.07453551912568307
0 0.6033090909090909 0.3998907103825137 0.049600000000000005 0.1390710382513661
0 0.6041454545454545 0.603551912568306 0.038 0.1092896174863388
0 0.5314181818181818 0.5650819672131148 0.051236363636363635 0.1316393442622951
0 0.4470909090909091 0.505464480874317 0.051236363636363635 0.12169398907103825
0 0.3760363636363636 0.6346448087431694 0.07436363636363637 0.1316393442622951
0 0.3504 0.8022950819672131 0.039672727272727276 0.12420765027322404
0 0.39254545454545453 0.8445355191256831 0.041309090909090906 0.15896174863387977
0 0.4867636363636364 0.9265027322404372 0.08429090909090908 0.12420765027322404
0 0.5198181818181817 0.7625683060109291 0.05454545454545454 0.15896174863387977