0 0.3284 0.7679111111111111 0.2024888888888889 0.09382222222222222
0 0.40124444444444446 0.6555555555555556 0.1506222222222222 0.06666666666666667
0 0.4284 0.5913777777777778 0.1259111111111111 0.04195555555555555
0 0.5308444444444445 0.49506666666666665 0.12840000000000001 0.061733333333333335
0 0.6592444444444445 0.36791111111111113 0.23702222222222222 0.10368888888888889
0 0.37777777777777777 0.38395555555555555 0.2024888888888889 0.12097777777777777
0 0.3456888888888889 0.25924444444444444 0.15306666666666666 0.09875555555555555
0 0.5481333333333334 0.23582222222222224 0.12840000000000001 0.13084444444444446
0 0.7469333333333333 0.2 0.20986666666666667 0.09382222222222222
0 0.7716000000000001 0.5259111111111111 0.1358222222222222 0.07902222222222223
0 0.6234666666666667 0.7320888888888889 0.0864 0.04195555555555555
0 0.1716 0.8839555555555555 0.1259111111111111 0.14813333333333334