5 0.617 0.8143564356435643 0.078 0.0891089108910891
5 0.541 0.6893564356435643 0.05 0.07178217821782178
5 0.373 0.6571782178217822 0.046 0.06683168316831684
5 0.149 0.7277227722772277 0.046 0.04950495049504951
5 0.214 0.7339108910891089 0.052 0.08168316831683169
5 0.393 0.801980198019802 0.074 0.0891089108910891
5 0.47 0.7846534653465347 0.032 0.054455445544554455
5 0.432 0.6905940594059405 0.02 0.04950495049504951
5 0.449 0.5532178217821783 0.05 0.04207920792079208
5 0.428 0.46163366336633666 0.068 0.05693069306930693
5 0.348 0.46534653465346537 0.06 0.054455445544554455
5 0.2 0.4121287128712871 0.056 0.06683168316831684
5 0.23 0.2722772277227723 0.06 0.06435643564356436
5 0.1 0.21163366336633663 0.04 0.08663366336633663
5 0.051 0.3688118811881188 0.062 0.0594059405940594
5 0.605 0.28217821782178215 0.066 0.06435643564356436
5 0.547 0.1905940594059406 0.046 0.06435643564356436
5 0.521 0.10767326732673267 0.058 0.04702970297029703
5 0.4 0.22524752475247525 0.076 0.09405940594059406
5 0.865 0.5829207920792079 0.066 0.09158415841584158
5 0.847 0.7178217821782178 0.062 0.08415841584158416
5 0.919 0.7772277227722773 0.042 0.04455445544554455
5 0.889 0.8737623762376238 0.066 0.09405940594059406
5 0.815 0.8787128712871287 0.046 0.04950495049504951
5 0.916 0.24628712871287128 0.096 0.12128712871287128
5 0.892 0.06683168316831684 0.052 0.054455445544554455
5 0.73 0.1967821782178218 0.064 0.06683168316831684
5 0.726 0.027227722772277228 0.052 0.054455445544554455
5 0.565 0.024752475247524754 0.086 0.04950495049504951
5 0.621 0.5185643564356436 0.078 0.06683168316831684