8 0.28345454545454546 0.7997814207650275 0.15370909090909093 0.11923497267759563
8 0.26032727272727274 0.6346448087431694 0.12065454545454546 0.10185792349726776
8 0.18018181818181817 0.504207650273224 0.14876363636363635 0.044699453551912564
8 0.5950545454545454 0.7339890710382513 0.17850909090909092 0.09191256830601092
8 0.4206545454545455 0.49923497267759565 0.12727272727272726 0.09934426229508196
8 0.40661818181818177 0.38622950819672136 0.12890909090909092 0.04721311475409836
8 0.36363636363636365 0.3191803278688524 0.05618181818181818 0.007431693989071039
8 0.3124 0.23098360655737707 0.15538181818181818 0.059617486338797814
8 0.6950545454545454 0.16021857923497268 0.024800000000000003 0.21114754098360655
8 0.5818181818181818 0.18502732240437159 0.07603636363636364 0.01737704918032787
8 0.3594909090909091 0.04595628415300546 0.038 0.08693989071038251
8 0.2735636363636364 0.07202185792349726 0.061163636363636364 0.08939890710382513
8 0.2248 0.3390710382513661 0.08927272727272728 0.08693989071038251
8 0.5206545454545455 0.6172131147540983 0.08265454545454545 0.062076502732240434