0 0.5661090909090909 0.8954098360655739 0.05785454545454546 0.062076502732240434
0 0.5363636363636364 0.7997814207650275 0.061163636363636364 0.07950819672131149
0 0.40494545454545455 0.8296174863387977 0.039672727272727276 0.07453551912568307
0 0.32727272727272727 0.8743169398907104 0.05949090909090909 0.08442622950819671
0 0.3214909090909091 0.7016939890710382 0.06778181818181818 0.03229508196721312
0 0.14461818181818184 0.7997814207650275 0.03472727272727273 0.09934426229508196
0 0.2636363636363636 0.5563934426229508 0.044618181818181814 0.06956284153005465
0 0.19254545454545455 0.5427322404371584 0.05454545454545454 0.07202185792349726
0 0.2438181818181818 0.44087431693989076 0.041309090909090906 0.042240437158469944
0 0.23883636363636365 0.34027322404371585 0.04792727272727273 0.03972677595628415
0 0.17109090909090907 0.257103825136612 0.044618181818181814 0.11672131147540983
0 0.3760363636363636 0.39617486338797814 0.061163636363636364 0.11672131147540983
0 0.4198181818181818 0.5774863387978142 0.04629090909090909 0.08693989071038251
0 0.5438181818181819 0.7737158469945355 0.06941818181818182 0.05710382513661202
0 0.6644727272727272 0.8755737704918032 0.07272727272727272 0.08196721311475409
0 0.7685818181818183 0.8532240437158469 0.039672727272727276 0.08693989071038251
0 0.8487636363636364 0.9153005464480874 0.03472727272727273 0.062076502732240434
0 0.8462909090909091 0.6445355191256831 0.05618181818181818 0.10185792349726776
0 0.9512363636363635 0.7526229508196721 0.03472727272727273 0.07453551912568307
0 0.9124 0.9003825136612023 0.033054545454545455 0.04721311475409836
0 0.9429818181818181 0.9744262295081967 0.041309090909090906 0.051147540983606556
0 0.9652727272727273 0.8507103825136613 0.029745454545454544 0.042240437158469944
0 0.9694181818181817 0.6284153005464481 0.02810909090909091 0.0546448087431694
0 0.8049454545454546 0.38622950819672136 0.039672727272727276 0.05218579234972678
0 0.7256363636363636 0.40114754098360655 0.039672727272727276 0.06704918032786886
0 0.5206545454545455 0.3812568306010929 0.03636363636363636 0.037267759562841535
0 0.3347272727272727 0.06087431693989071 0.044618181818181814 0.09191256830601092
0 0.2148727272727273 0.09934426229508196 0.026436363636363636 0.04967213114754098