6 0.6950545454545454 0.7190710382513661 0.11072727272727273 0.12169398907103825
6 0.5867636363636364 0.726502732240437 0.042981818181818184 0.05218579234972678
6 0.3462909090909091 0.7575956284153005 0.11403636363636363 0.1390710382513661
6 0.12232727272727273 0.6656830601092896 0.08265454545454545 0.09437158469945355
6 0.0710909090909091 0.4532786885245902 0.049600000000000005 0.06704918032786886
6 0.22396363636363636 0.3254098360655738 0.08098181818181818 0.14404371584699452
6 0.08843636363636363 0.1751366120218579 0.038 0.042240437158469944
6 0.14298181818181818 0.11054644808743169 0.041309090909090906 0.04721311475409836
6 0.5487636363636363 0.2521311475409836 0.05290909090909091 0.08196721311475409
6 0.3876 0.53775956284153 0.03472727272727273 0.062076502732240434
6 0.19916363636363638 0.5427322404371584 0.03141818181818182 0.05218579234972678
6 0.6239636363636364 0.58 0.03141818181818182 0.03229508196721312
6 0.37520000000000003 0.3365573770491804 0.03636363636363636 0.05710382513661202
6 0.3462909090909091 0.1428415300546448 0.05454545454545454 0.07699453551912568
6 0.6123999999999999 0.11672131147540983 0.0710909090909091 0.09934426229508196
6 0.8033090909090909 0.3166666666666667 0.1124 0.15650273224043715
6 0.6958545454545455 0.4061202185792349 0.042981818181818184 0.05710382513661202
6 0.8545454545454545 0.8780327868852459 0.08265454545454545 0.12666666666666668
6 0.16363636363636364 0.9078688524590163 0.04629090909090909 0.05710382513661202