0 0.7710909090909092 0.686775956284153 0.06447272727272728 0.09688524590163934
0 0.8479272727272728 0.6855191256830602 0.039672727272727276 0.08442622950819671
0 0.6338909090909091 0.5601092896174863 0.041309090909090906 0.062076502732240434
0 0.6289090909090909 0.3812568306010929 0.05454545454545454 0.10185792349726776
0 0.4033090909090909 0.8395628415300546 0.04629090909090909 0.11426229508196721
0 0.32890909090909093 0.7587978142076504 0.05618181818181818 0.07699453551912568
0 0.26527272727272727 0.645792349726776 0.041309090909090906 0.03972677595628415
0 0.9165454545454546 0.8619125683060108 0.03472727272727273 0.07453551912568307
0 0.5504 0.7712568306010928 0.05618181818181818 0.042240437158469944
0 0.5504 0.6743715846994536 0.042981818181818184 0.05710382513661202
0 0.4628 0.45704918032786884 0.042981818181818184 0.07453551912568307
0 0.39585454545454546 0.42595628415300546 0.041309090909090906 0.05710382513661202
0 0.3446181818181818 0.4781420765027322 0.03472727272727273 0.06704918032786886
0 0.21734545454545456 0.29185792349726775 0.051236363636363635 0.062076502732240434
0 0.3074545454545454 0.24836065573770494 0.02312727272727273 0.0546448087431694
0 0.22563636363636363 0.13038251366120218 0.044618181818181814 0.09688524590163934
0 0.3537090909090909 0.055901639344262295 0.05949090909090909 0.09688524590163934
0 0.43305454545454547 0.15273224043715847 0.05618181818181818 0.05218579234972678
0 0.4239636363636364 0.257103825136612 0.05454545454545454 0.07202185792349726
0 0.4214909090909091 0.3439890710382514 0.05949090909090909 0.03229508196721312
0 0.09505454545454546 0.40240437158469944 0.041309090909090906 0.044699453551912564
0 0.08843636363636363 0.17262295081967213 0.05785454545454546 0.07699453551912568
0 0.05869090909090909 0.07825136612021857 0.06778181818181818 0.04721311475409836
0 0.038836363636363634 0.7377049180327869 0.044618181818181814 0.059617486338797814
0 0.08018181818181819 0.8494535519125682 0.038 0.044699453551912564
0 0.1594909090909091 0.9620218579234974 0.07436363636363637 0.07601092896174863
0 0.27436363636363637 0.9016393442622951 0.042981818181818184 0.06956284153005465
0 0.5603272727272728 0.40857923497267756 0.04629090909090909 0.062076502732240434
0 0.5677818181818182 0.5067213114754099 0.03472727272727273 0.0546448087431694
0 0.8818181818181818 0.48060109289617486 0.044618181818181814 0.09688524590163934
0 0.9760363636363637 0.4868306010928962 0.02810909090909091 0.044699453551912564
0 0.9264363636363637 0.40114754098360655 0.021490909090909092 0.04721311475409836
0 0.9157090909090909 0.3042622950819672 0.026436363636363636 0.042240437158469944
0 0.8041454545454545 0.264535519125683 0.044618181818181814 0.05218579234972678
0 0.3760363636363636 0.6743715846994536 0.038 0.062076502732240434
0 0.2248 0.8469945355191257 0.026436363636363636 0.04967213114754098
0 0.1594909090909091 0.8159562841530055 0.02810909090909091 0.04721311475409836
0 0.7735636363636363 0.9699453551912568 0.042981818181818184 0.04721311475409836
0 0.8876000000000001 0.07076502732240436 0.049600000000000005 0.09191256830601092
0 0.7958545454545455 0.021092896174863388 0.06778181818181818 0.042240437158469944