5 0.9538152610441767 0.7202970297029703 0.05622489959839357 0.06930693069306931
5 0.8684738955823293 0.6225247524752475 0.050200803212851405 0.03712871287128713
5 0.9257028112449799 0.41707920792079206 0.060240963855421686 0.03217821782178218
5 0.6124497991967871 0.46163366336633666 0.04417670682730924 0.04207920792079208
5 0.4497991967871486 0.4034653465346535 0.0642570281124498 0.0297029702970297
5 0.4397590361445783 0.30074257425742573 0.05622489959839357 0.06683168316831684
5 0.39357429718875503 0.04702970297029703 0.14457831325301204 0.09405940594059406
5 0.3393574297188755 0.17698019801980197 0.024096385542168676 0.022277227722772276
5 0.142570281124498 0.09282178217821782 0.0321285140562249 0.04207920792079208
5 0.10040160642570281 0.40965346534653463 0.060240963855421686 0.10148514851485149
5 0.14558232931726908 0.5482673267326733 0.050200803212851405 0.05198019801980198
5 0.13855421686746988 0.6745049504950495 0.03614457831325301 0.07178217821782178
5 0.13755020080321284 0.7673267326732673 0.05421686746987952 0.024752475247524754
5 0.286144578313253 0.5853960396039604 0.07429718875502007 0.05198019801980198
5 0.2600401606425703 0.2896039603960396 0.07429718875502007 0.13366336633663367
5 0.44477911646586343 0.6435643564356436 0.04216867469879518 0.039603960396039604
5 0.571285140562249 0.6683168316831684 0.04618473895582329 0.07425742574257425
5 0.6616465863453815 0.7438118811881188 0.006024096385542169 0.04702970297029703
5 0.6375502008032129 0.32054455445544555 0.07028112449799197 0.06188118811881188
5 0.5441767068273092 0.24133663366336633 0.05220883534136546 0.012376237623762377