0 0.5014 0.6535119047619048 0.019433333333333334 0.04714285714285714
0 0.5243 0.5543452380952381 0.031933333333333334 0.02726190476190476
0 0.6889 0.6460714285714286 0.0361 0.02726190476190476
0 0.5458333333333333 0.8072619047619047 0.030566666666666666 0.06202380952380952
0 0.5388999999999999 0.9610714285714286 0.0361 0.052083333333333336
0 0.38403333333333334 0.6808333333333333 0.03473333333333333 0.02726190476190476
0 0.3159666666666667 0.47494047619047625 0.0264 0.052083333333333336
0 0.35623333333333335 0.3025595238095238 0.03473333333333333 0.039702380952380954
0 0.4875 0.34970238095238093 0.027766666666666665 0.04958333333333333
0 0.5639 0.25916666666666666 0.019433333333333334 0.06696428571428571
0 0.5604333333333333 0.3943452380952381 0.0125 0.05458333333333333
0 0.5958333333333333 0.4811309523809524 0.027766666666666665 0.03470238095238095
0 0.6555666666666666 0.37452380952380954 0.03333333333333333 0.044642857142857144
0 0.6854333333333333 0.48857142857142855 0.018066666666666665 0.04958333333333333
0 0.7354333333333333 0.4588095238095238 0.020833333333333332 0.04958333333333333
0 0.6652666666666667 0.5828571428571429 0.019433333333333334 0.039702380952380954
0 0.5402666666666667 0.6708928571428571 0.022233333333333334 0.052083333333333336
0 0.4972333333333333 0.6299404761904762 0.025 0.0744047619047619
0 0.45693333333333336 0.4513690476190476 0.022233333333333334 0.03470238095238095
0 0.43123333333333336 0.20833333333333334 0.015266666666666666 0.02976190476190476
0 0.6736000000000001 0.05952380952380952 0.016666666666666666 0.05458333333333333
0 0.8868 0.1376190476190476 0.029166666666666667 0.03226190476190476
0 0.9423666666666666 0.20089285714285715 0.018066666666666665 0.044642857142857144
0 0.9791666666666666 0.13886904761904761 0.019433333333333334 0.039702380952380954