0 0.26804123711340205 0.6242084942084941 0.04809278350515464 0.01803088803088803
0 0.5824742268041238 0.6293436293436293 0.03778350515463918 0.023166023166023165
0 0.5532474226804124 0.7425868725868726 0.013762886597938144 0.03861003861003861
0 0.27149484536082474 0.5045173745173744 0.041237113402061855 0.03602316602316602
0 0.29896907216494845 0.47231660231660233 0.055 0.028301158301158303
0 0.2852061855670103 0.3886872586872587 0.041237113402061855 0.02057915057915058
0 0.35396907216494844 0.3217374517374517 0.041237113402061855 0.02057915057915058
0 0.4845360824742268 0.30115830115830117 0.041237113402061855 0.0411969111969112
0 0.420979381443299 0.2883011583011583 0.03778350515463918 0.03602316602316602
0 0.40376288659793813 0.3886872586872587 0.030927835051546393 0.0411969111969112
0 0.5670103092783505 0.3076061776061776 0.027474226804123713 0.028301158301158303
0 0.555 0.24583011583011583 0.03778350515463918 0.028301158301158303
0 0.32644329896907215 0.5366795366795367 0.041237113402061855 0.023166023166023165
0 0.367680412371134 0.4594594594594595 0.041237113402061855 0.01803088803088803