0 0.6716666666666666 0.44375 0.02666666666666667 0.0825
0 0.72 0.28375 0.02 0.0525
0 0.7341666666666666 0.16625 0.03166666666666667 0.0225
0 0.47333333333333333 0.5 0.02666666666666667 0.06
0 0.4241666666666667 0.5025 0.015 0.065
0 0.445 0.36875 0.02 0.0425
0 0.365 0.285 0.03333333333333333 0.065
0 0.5208333333333334 0.8225 0.045 0.025
0 0.5683333333333334 0.88875 0.02666666666666667 0.0975
0 0.5975 0.66375 0.03833333333333333 0.0375
0 0.5683333333333334 0.54375 0.03 0.0525
0 0.6466666666666666 0.61375 0.04 0.0425
0 0.6158333333333333 0.96625 0.058333333333333334 0.0525
0 0.5 0.9075 0.04 0.07
0 0.44916666666666666 0.685 0.021666666666666667 0.045
0 0.7233333333333334 0.55625 0.02 0.0825
0 0.4041666666666667 0.2 0.028333333333333332 0.08
0 0.6025 0.31625 0.021666666666666667 0.0875