0 0.43636363636363634 0.6768306010928962 0.019818181818181818 0.05710382513661202
0 0.5140363636363637 0.562568306010929 0.02312727272727273 0.03229508196721312
0 0.4223272727272727 0.504207650273224 0.02810909090909091 0.044699453551912564
0 0.39752727272727273 0.3738251366120218 0.04792727272727273 0.07202185792349726
0 0.40992727272727275 0.223551912568306 0.013236363636363636 0.07950819672131149
0 0.3628 0.26699453551912566 0.014872727272727272 0.07202185792349726
0 0.6851272727272727 0.44338797814207653 0.01818181818181818 0.062076502732240434
0 0.5991636363636365 0.6607103825136612 0.038 0.03475409836065574
0 0.4553818181818182 0.9128415300546449 0.014872727272727272 0.08196721311475409
0 0.5264363636363637 0.8432786885245901 0.041309090909090906 0.0273224043715847
0 0.6281090909090908 0.7674863387978141 0.019818181818181818 0.029781420765027322
0 0.6561818181818181 0.6917486338797815 0.026436363636363636 0.07202185792349726
0 0.6066181818181818 0.322896174863388 0.009927272727272727 0.07950819672131149
0 0.5347272727272727 0.46693989071038255 0.038 0.04967213114754098
0 0.7248 0.2769398907103825 0.041309090909090906 0.042240437158469944
0 0.6157090909090909 0.9744262295081967 0.051236363636363635 0.051147540983606556
0 0.6421454545454546 0.8283606557377049 0.044618181818181814 0.062076502732240434