8 0.2861 0.6832738095238096 0.09723333333333334 0.20089285714285715
8 0.3125 0.3844047619047619 0.0361 0.31744047619047616
8 0.4604333333333333 0.7167857142857142 0.12916666666666668 0.15375
8 0.4069333333333333 0.5183333333333333 0.0889 0.14386904761904762
8 0.7923666666666667 0.38565476190476194 0.1014 0.13142857142857142
8 0.6902666666666667 0.24178571428571427 0.061099999999999995 0.19095238095238093
8 0.6173666666666667 0.30874999999999997 0.04306666666666667 0.1611904761904762
8 0.48333333333333334 0.25297619047619047 0.15276666666666666 0.03470238095238095
8 0.5632 0.13023809523809524 0.12359999999999999 0.02726190476190476
8 0.5729 0.5580357142857143 0.08193333333333333 0.24303571428571427
8 0.5791666666666667 0.865595238095238 0.07776666666666666 0.04958333333333333
8 0.5965333333333334 0.7725595238095238 0.06526666666666667 0.022321428571428572
8 0.49096666666666666 0.9189285714285714 0.06526666666666667 0.09672619047619048