0 0.3098069498069498 0.8210824742268041 0.027567567567567567 0.0368041237113402
0 0.37691119691119696 0.7596907216494845 0.03308880308880309 0.0368041237113402
0 0.47803088803088806 0.5670103092783505 0.025752895752895754 0.03438144329896907
0 0.5313513513513514 0.48231958762886595 0.025752895752895754 0.06628865979381443
0 0.5368725868725869 0.343659793814433 0.022046332046332048 0.058917525773195874
0 0.615019305019305 0.6479896907216495 0.03861003861003861 0.058917525773195874
0 0.6352123552123553 0.4896907216494845 0.03861003861003861 0.06628865979381443
0 0.7749420849420849 0.16324742268041237 0.027567567567567567 0.05644329896907216
0 0.3392277992277992 0.4283505154639175 0.03127413127413127 0.07118556701030929
0 0.284980694980695 0.6787113402061855 0.03308880308880309 0.027010309278350516
0 0.34934362934362934 0.6062886597938144 0.018378378378378378 0.02943298969072165
0 0.41092664092664094 0.5326288659793814 0.0238996138996139 0.03438144329896907
0 0.466988416988417 0.4688144329896907 0.025752895752895754 0.03927835051546392
0 0.7133590733590733 0.09082474226804124 0.025752895752895754 0.04417525773195877
0 0.7878378378378379 0.061340206185567014 0.03127413127413127 0.03438144329896907
0 0.5359459459459459 0.8995876288659794 0.0238996138996139 0.041752577319587626
0 0.5313513513513514 0.8235051546391752 0.05517374517374517 0.0368041237113402
0 0.47895752895752897 0.752319587628866 0.05698841698841699 0.041752577319587626
0 0.35575289575289576 0.9278350515463918 0.042277992277992275 0.04417525773195877
0 0.41092664092664094 0.6872680412371135 0.02023166023166023 0.02943298969072165
0 0.40907335907335907 0.6210309278350515 0.03494208494208494 0.03927835051546392
0 0.6903861003861004 0.3939690721649485 0.03127413127413127 0.03190721649484536
0 0.5432818532818533 0.613659793814433 0.02023166023166023 0.06381443298969072