0 0.24379912663755457 0.30177272727272725 0.11886462882096069 0.1085909090909091
0 0.38694323144104803 0.327 0.0946288209606987 0.149
0 0.35781659388646286 0.510090909090909 0.11886462882096069 0.14645454545454545
0 0.26200873362445415 0.6780454545454545 0.06794759825327511 0.11868181818181818
0 0.47187772925764193 0.7298181818181818 0.1285589519650655 0.1414090909090909
0 0.5737554585152838 0.5353636363636364 0.04611353711790393 0.07072727272727274
0 0.6441048034934498 0.47854545454545455 0.036375545851528385 0.06818181818181818
0 0.7787336244541485 0.5 0.06305676855895197 0.13131818181818183
0 0.8248471615720523 0.6957272727272727 0.053362445414847165 0.09345454545454544
0 0.642882096069869 0.8939545454545454 0.03882096069868996 0.050499999999999996
0 0.8393886462882096 0.9684545454545455 0.04851528384279476 0.03786363636363636