0 0.44732500000000003 0.449438202247191 0.058925 0.06421348314606741
0 0.6794625000000001 0.5979213483146067 0.066075 0.04548689138576779
0 0.8071375000000001 0.5832022471910112 0.0607125 0.042808988764044945
0 0.7919625 0.6460674157303371 0.066075 0.05082397003745318
0 0.6205375 0.492247191011236 0.0625 0.058857677902621724
0 0.4375 0.3544756554307116 0.071425 0.0347752808988764
0 0.32142499999999996 0.36784644194756555 0.0607125 0.0347752808988764
0 0.252675 0.29426966292134826 0.066075 0.042808988764044945
0 0.3107125 0.24745318352059922 0.0321375 0.056179775280898875
0 0.2008875 0.239438202247191 0.058925 0.04548689138576779
0 0.1321375 0.1805805243445693 0.053575 0.056179775280898875