7 0.47065637065637067 0.8235051546391752 0.16915057915057916 0.10061855670103093
7 0.1342084942084942 0.41113402061855675 0.10664092664092664 0.23809278350515461
7 0.7427799227799228 0.7818041237113401 0.11768339768339768 0.06628865979381443
7 0.694980694980695 0.6787113402061855 0.13606177606177608 0.09572164948453608
7 0.5883397683397683 0.5289690721649485 0.08455598455598455 0.05154639175257732
7 0.1525868725868726 0.43077319587628865 0.08455598455598455 0.1595360824742268
7 0.2601544401544401 0.4344845360824743 0.06436293436293437 0.1325257731958763
7 0.3235907335907336 0.31051546391752577 0.05517374517374517 0.17427835051546392
7 0.39343629343629344 0.324020618556701 0.025752895752895754 0.12273195876288659
7 0.45505791505791504 0.32644329896907215 0.03861003861003861 0.1325257731958763
7 0.5221621621621622 0.3657216494845361 0.025752895752895754 0.11783505154639175
7 0.6122393822393822 0.420979381443299 0.05146718146718147 0.1104639175257732
7 0.7005019305019305 0.5461340206185568 0.03308880308880309 0.10061855670103093
7 0.6094980694980695 0.5572164948453608 0.05698841698841699 0.03927835051546392