0 0.5339673913043478 0.43779904306220097 0.024456521739130436 0.06220095693779904
0 0.6229619565217391 0.5 0.028532608695652172 0.028708133971291867
0 0.6100543478260869 0.569377990430622 0.021739130434782608 0.014354066985645933
0 0.3641304347826087 0.7631578947368421 0.03804347826086957 0.04784688995215311
0 0.3498641304347826 0.6088516746411483 0.025815217391304348 0.07894736842105263
0 0.515625 0.6686602870813397 0.05298913043478261 0.06937799043062201
0 0.532608695652174 0.1686602870813397 0.02717391304347826 0.05980861244019139
0 0.7262228260869565 0.08014354066985646 0.02309782608695652 0.050239234449760764
0 0.7180706521739131 0.6375598086124402 0.020380434782608696 0.04066985645933014
0 0.8389945652173914 0.7344497607655502 0.03940217391304348 0.03349282296650718
0 0.5842391304347826 0.6973684210526315 0.035326086956521736 0.03110047846889952
0 0.8865489130434783 0.8002392344497608 0.02309782608695652 0.04066985645933014