0 0.8205 0.5203608247422681 0.31869230769230766 0.1472680412371134
0 0.3516538461538462 0.33994845360824744 0.23442307692307693 0.11536082474226804
0 0.1895769230769231 0.5841752577319588 0.10438461538461538 0.08345360824742269
0 0.2033076923076923 0.8431443298969071 0.34065384615384614 0.2184536082474227
0 0.5192307692307693 0.5694845360824743 0.07507692307692307 0.04907216494845361
0 0.42765384615384616 0.5706701030927834 0.07142307692307692 0.046649484536082475
0 0.6776538461538462 0.39149484536082474 0.09888461538461539 0.07608247422680413
0 0.5659230769230769 0.45288659793814434 0.07326923076923077 0.05154639175257732
0 0.4835 0.46144329896907216 0.047615384615384615 0.06381443298969072
0 0.025653846153846152 0.6922164948453607 0.047615384615384615 0.07365979381443298
0 0.06411538461538462 0.5437113402061856 0.09888461538461539 0.061340206185567014