0 0.5256363636363637 0.587431693989071 0.05618181818181818 0.12666666666666668
0 0.596690909090909 0.587431693989071 0.04629090909090909 0.12169398907103825
0 0.6123999999999999 0.4160655737704918 0.03472727272727273 0.11672131147540983
0 0.5570181818181819 0.1080327868852459 0.03636363636363636 0.11174863387978141
0 0.438 0.3241530054644809 0.02312727272727273 0.07699453551912568
0 0.3876 0.27448087431693985 0.02810909090909091 0.08196721311475409
0 0.4016363636363636 0.1092896174863388 0.033054545454545455 0.10431693989071038
0 0.4504 0.5477049180327869 0.02810909090909091 0.06704918032786886
0 0.5198181818181817 0.7799453551912567 0.04792727272727273 0.11426229508196721
0 0.4942181818181818 0.9426229508196722 0.042981818181818184 0.08196721311475409
0 0.3942181818181818 0.8706010928961748 0.03472727272727273 0.08196721311475409
0 0.34792727272727275 0.8122404371584698 0.024800000000000003 0.08939890710382513
0 0.3942181818181818 0.6830601092896175 0.03472727272727273 0.059617486338797814
0 0.3586909090909091 0.637103825136612 0.013236363636363636 0.04721311475409836
0 0.38181818181818183 0.496775956284153 0.029745454545454544 0.04967213114754098
0 0.3578545454545454 0.4172677595628415 0.024800000000000003 0.0546448087431694