0 0.11018888888888889 0.554325925925926 0.027777777777777776 0.007407407407407408
0 0.25 0.3012296296296296 0.05185555555555556 0.039511111111111115
0 0.5240777777777778 0.3234518518518519 0.07036666666666666 0.019748148148148147
0 0.37777777777777777 0.5098814814814815 0.03333333333333333 0.09136296296296297
0 0.32222222222222224 0.45555555555555555 0.037033333333333335 0.022222222222222223
0 0.29074444444444447 0.5925925925925926 0.05555555555555555 0.04937777777777778
0 0.22870000000000001 0.6851851851851852 0.0537 0.05678518518518518
0 0.40555555555555556 0.8012296296296297 0.040744444444444444 0.041970370370370366
0 0.5675888888888889 0.41728888888888893 0.07222222222222222 0.044444444444444446
0 0.6861111111111111 0.4444444444444444 0.07592222222222222 0.06419259259259259
0 0.6666666666666666 0.5814814814814815 0.05555555555555555 0.07654814814814816
0 0.7305555555555555 0.5469185185185186 0.057411111111111114 0.0716
0 0.8296333333333333 0.42962962962962964 0.044444444444444446 0.03456296296296296
0 0.8740777777777777 0.4876592592592593 0.08147777777777777 0.09136296296296297
0 0.7398111111111112 0.4358074074074074 0.042588888888888884 0.07654814814814816
0 0.6574111111111111 0.41974814814814815 0.03333333333333333 0.044444444444444446
0 0.7046333333333333 0.4284 0.027777777777777776 0.041970370370370366
0 0.6185222222222222 0.4987703703703704 0.029633333333333334 0.00988148148148148
0 0.5472222222222223 0.4753037037037037 0.03888888888888889 0.041970370370370366
0 0.5111111111111111 0.3271555555555556 0.05185555555555556 0.002474074074074074
0 0.11203333333333333 0.5580296296296297 0.042588888888888884 0.06914074074074074
0 0.24722222222222223 0.5592592592592592 0.03518888888888889 0.041970370370370366
0 0.17314444444444446 0.682711111111111 0.03518888888888889 0.032103703703703704
0 0.19444444444444445 0.6567851851851851 0.02592222222222222 0.014814814814814815