0 0.14214545454545455 0.803551912568306 0.049600000000000005 0.12666666666666668
0 0.2710909090909091 0.5563934426229508 0.0628 0.0546448087431694
0 0.4024727272727273 0.43344262295081964 0.03141818181818182 0.10185792349726776
0 0.8115636363636364 0.10060109289617486 0.07603636363636364 0.07699453551912568
0 0.8743636363636363 0.670655737704918 0.06941818181818182 0.03972677595628415
0 0.5694181818181818 0.876775956284153 0.08098181818181818 0.12918032786885247
0 0.3231272727272727 0.8569398907103825 0.08429090909090908 0.12420765027322404
0 0.32890909090909093 0.7128415300546448 0.06941818181818182 0.08442622950819671
0 0.24545454545454545 0.4210382513661202 0.061163636363636364 0.08693989071038251
0 0.23389090909090907 0.32912568306010925 0.05454545454545454 0.03229508196721312
0 0.055381818181818185 0.5650819672131148 0.051236363636363635 0.042240437158469944
0 0.7264363636363637 0.3949180327868852 0.041309090909090906 0.07950819672131149
0 0.8132363636363635 0.38622950819672136 0.04629090909090909 0.05710382513661202
0 0.41901818181818185 0.5650819672131148 0.04792727272727273 0.08196721311475409
0 0.17767272727272726 0.23224043715846995 0.061163636363636364 0.10683060109289617
0 0.7702545454545454 0.8643715846994536 0.07272727272727272 0.11426229508196721
0 0.8504 0.9389071038251365 0.04792727272727273 0.09934426229508196
0 0.5272727272727272 0.3800546448087432 0.0628 0.04967213114754098
0 0.33058181818181814 0.08322404371584699 0.05290909090909091 0.08196721311475409
0 0.5198181818181817 0.6296721311475411 0.06778181818181818 0.08693989071038251