0 0.37083333333333335 0.575 0.03166666666666667 0.09
0 0.38416666666666666 0.4 0.045 0.135
0 0.24 0.4275 0.056666666666666664 0.08
0 0.23416666666666666 0.30375 0.055 0.0675
0 0.25083333333333335 0.19 0.035 0.025
0 0.17916666666666667 0.23875 0.035 0.1025
0 0.1325 0.32875 0.03166666666666667 0.0675
0 0.050833333333333335 0.56 0.051666666666666666 0.07
0 0.14833333333333334 0.805 0.05333333333333334 0.13
0 0.33166666666666667 0.70125 0.08 0.0775
0 0.2625 0.5625 0.065 0.08
0 0.32166666666666666 0.85875 0.07 0.1225
0 0.4191666666666667 0.82 0.065 0.115
0 0.5425 0.79375 0.085 0.0925
0 0.68 0.875 0.05333333333333334 0.09
0 0.7666666666666667 0.8525 0.06 0.12
0 0.84 0.91875 0.06333333333333334 0.0725
0 0.8683333333333333 0.66125 0.08 0.0675
0 0.9425 0.7225 0.03166666666666667 0.1
0 0.945 0.88375 0.043333333333333335 0.0375
0 0.7225 0.39 0.03833333333333333 0.1
0 0.8166666666666667 0.39375 0.05333333333333334 0.0625
0 0.5175 0.36625 0.03166666666666667 0.0475
0 0.41583333333333333 0.55 0.03166666666666667 0.09
0 0.8108333333333333 0.1025 0.07166666666666667 0.075
0 0.885 0.21625 0.05 0.0975
0 0.8033333333333333 0.5775 0.05 0.075
0 0.3308333333333333 0.09625 0.025 0.1025