0 0.5837451737451738 0.5486082474226804 0.03494208494208494 0.027010309278350516
0 0.6352123552123553 0.3583505154639175 0.016563706563706565 0.02943298969072165
0 0.6720077220077221 0.594020618556701 0.027567567567567567 0.02943298969072165
0 0.6664864864864865 0.7081443298969072 0.016563706563706565 0.03190721649484536
0 0.6223552123552123 0.7277835051546392 0.012857142857142857 0.0368041237113402
0 0.4982625482625483 0.7167525773195876 0.025752895752895754 0.04417525773195877
0 0.41552123552123554 0.5756185567010309 0.03308880308880309 0.002474226804123711
0 0.41185328185328185 0.4860309278350516 0.03308880308880309 0.014742268041237112
0 0.4449420849420849 0.27123711340206186 0.03308880308880309 0.046649484536082475
0 0.2472972972972973 0.5927835051546392 0.042277992277992275 0.0368041237113402
0 0.24084942084942085 0.6798969072164949 0.025752895752895754 0.04417525773195877
0 0.7041698841698841 0.9376288659793814 0.02942084942084942 0.03438144329896907
0 0.72992277992278 0.8529896907216494 0.02942084942084942 0.02211340206185567
0 0.74003861003861 0.5584020618556701 0.027567567567567567 0.05644329896907216
0 0.31254826254826257 0.45778350515463917 0.04046332046332046 0.041752577319587626