8 0.5547037037037037 0.7905913978494624 0.1228888888888889 0.14419354838709678
8 0.28618518518518515 0.6402688172043011 0.18181481481481482 0.09774193548387097
8 0.056407407407407406 0.5559677419354838 0.09933333333333333 0.08064516129032258
8 0.7398888888888889 0.6121505376344086 0.08922222222222222 0.173494623655914
8 0.39311111111111113 0.29935483870967744 0.11277777777777777 0.08553763440860215
8 0.19948148148148148 0.3189247311827957 0.13299999999999998 0.10510752688172044
8 0.7516666666666666 0.2944623655913979 0.08585185185185185 0.12951612903225806
8 0.6111111111111112 0.22118279569892474 0.09425925925925925 0.10994623655913978
8 0.40574074074074074 0.10387096774193548 0.08418518518518518 0.075752688172043
8 0.6885555555555556 0.6378494623655914 0.1111111111111111 0.1368279569892473
8 0.5033703703703704 0.4533333333333333 0.17507407407407408 0.12951612903225806
8 0.9267777777777777 0.5743010752688171 0.05218518518518518 0.10752688172043011
8 0.6784444444444445 0.9152150537634408 0.12122222222222222 0.09532258064516129