0 0.5558333333333333 0.44375 0.041666666666666664 0.0875
0 0.6316666666666667 0.37 0.07333333333333333 0.135
0 0.4725 0.39 0.065 0.165
0 0.3333333333333333 0.785 0.05333333333333334 0.135
0 0.2825 0.9175 0.058333333333333334 0.11
0 0.0975 0.41875 0.08166666666666667 0.1025
0 0.7725 0.71125 0.065 0.0675
0 0.89 0.5125 0.03666666666666667 0.125
0 0.8025 0.47375 0.055 0.1825
0 0.5241666666666667 0.07625 0.058333333333333334 0.1075
0 0.43 0.14375 0.07 0.0775
0 0.3475 0.08375 0.06166666666666667 0.1275
0 0.42 0.25625 0.06666666666666667 0.0875
0 0.4058333333333333 0.43875 0.045 0.1325
0 0.47 0.8 0.08333333333333333 0.08
0 0.7708333333333334 0.70375 0.075 0.0975
0 0.29583333333333334 0.5225 0.12833333333333333 0.19
0 0.17583333333333334 0.56625 0.025 0.0925
0 0.14666666666666667 0.95875 0.06 0.0825
0 0.05583333333333333 0.7975 0.03166666666666667 0.075
0 0.08166666666666667 0.045 0.09 0.09
0 0.2725 0.26125 0.04833333333333333 0.0925
0 0.2275 0.135 0.04833333333333333 0.12