0 0.4958545454545455 0.6656830601092896 0.039672727272727276 0.06459016393442624
0 0.32974545454545456 0.4905464480874317 0.03472727272727273 0.01737704918032787
0 0.4553818181818182 0.2931147540983607 0.021490909090909092 0.04967213114754098
0 0.46778181818181813 0.10683060109289617 0.02312727272727273 0.03972677595628415
0 0.6347272727272728 0.330327868852459 0.03636363636363636 0.019890710382513662
0 0.5214909090909091 0.8680874316939892 0.02810909090909091 0.04721311475409836
0 0.4173454545454545 0.7861202185792351 0.02810909090909091 0.0273224043715847
0 0.2190181818181818 0.3937158469945355 0.02810909090909091 0.062076502732240434
0 0.11654545454545454 0.6830601092896175 0.03141818181818182 0.019890710382513662
0 0.766109090909091 0.7389617486338798 0.024800000000000003 0.07699453551912568
0 0.8710909090909091 0.6731147540983607 0.026436363636363636 0.0546448087431694
0 0.8396727272727272 0.5116939890710382 0.026436363636363636 0.06459016393442624
0 0.7966909090909091 0.30923497267759564 0.033054545454545455 0.037267759562841535
0 0.8743636363636363 0.2781967213114754 0.016545454545454544 0.04967213114754098
0 0.8520727272727272 0.11174863387978141 0.021490909090909092 0.03972677595628415
0 0.8 0.07825136612021857 0.026436363636363636 0.062076502732240434
0 0.6190181818181818 0.09437158469945355 0.038 0.044699453551912564
0 0.7314181818181817 0.46693989071038255 0.03472727272727273 0.044699453551912564
0 0.9628 0.6619672131147541 0.03141818181818182 0.07202185792349726