8 0.9189453125 0.8934010152284264 0.087890625 0.09644670050761421
8 0.5556640625 0.916243654822335 0.119140625 0.025380710659898477
8 0.564453125 0.7271573604060914 0.05078125 0.12944162436548223
8 0.31640625 0.6814720812182741 0.0859375 0.03299492385786802
8 0.2822265625 0.516497461928934 0.080078125 0.06852791878172589
8 0.392578125 0.3299492385786802 0.01171875 0.12690355329949238
8 0.712890625 0.36548223350253806 0.09765625 0.04060913705583756
8 0.578125 0.2398477157360406 0.1015625 0.08883248730964467
8 0.4365234375 0.17893401015228427 0.029296875 0.04314720812182741
8 0.2939453125 0.1484771573604061 0.080078125 0.03299492385786802
8 0.9267578125 0.06725888324873096 0.142578125 0.13451776649746192
8 0.46484375 0.5025380710659898 0.14453125 0.07106598984771574
8 0.6279296875 0.4517766497461929 0.103515625 0.13705583756345177