5 0.646 0.948 0.104 0.06133333333333333
5 0.468 0.8253333333333334 0.064 0.07733333333333334
5 0.395 0.8786666666666667 0.058 0.072
5 0.346 0.804 0.08 0.024
5 0.276 0.6293333333333333 0.036 0.032
5 0.059 0.7973333333333333 0.03 0.048
5 0.443 0.21466666666666667 0.05 0.08266666666666667
5 0.331 0.168 0.038 0.032
5 0.356 0.44 0.056 0.05333333333333334
5 0.505 0.6173333333333333 0.054 0.034666666666666665
5 0.648 0.6426666666666667 0.048 0.032
5 0.615 0.588 0.03 0.018666666666666668
5 0.569 0.5693333333333334 0.022 0.029333333333333333
5 0.608 0.5293333333333333 0.028 0.024
5 0.557 0.252 0.022 0.056
5 0.701 0.332 0.046 0.06133333333333333
5 0.796 0.49733333333333335 0.032 0.029333333333333333
5 0.806 0.544 0.02 0.037333333333333336
5 0.844 0.68 0.044 0.08
5 0.939 0.772 0.054 0.07733333333333334
5 0.974 0.3333333333333333 0.032 0.02666666666666667
5 0.957 0.24533333333333332 0.03 0.037333333333333336
5 0.876 0.2773333333333333 0.044 0.021333333333333333
5 0.851 0.39866666666666667 0.034 0.050666666666666665