5 0.9347488584474887 0.920695652173913 0.04296803652968036 0.051130434782608696
5 0.867579908675799 0.8989565217391304 0.04296803652968036 0.03326086956521739
5 0.703744292237443 0.9360434782608695 0.06981735159817351 0.04091304347826087
5 0.6836073059360731 0.8478260869565217 0.045662100456621 0.043478260869565216
5 0.44452054794520546 0.7736521739130434 0.05639269406392694 0.043478260869565216
5 0.500958904109589 0.7250434782608696 0.05105022831050228 0.043478260869565216
5 0.35319634703196345 0.4104782608695652 0.040273972602739724 0.03834782608695652
5 0.30753424657534245 0.555 0.040273972602739724 0.03069565217391304
5 0.02552511415525114 0.7212173913043478 0.05105022831050228 0.020478260869565217
5 0.06045662100456621 0.633 0.05639269406392694 0.023
5 0.7480365296803653 0.41560869565217395 0.07251141552511416 0.043478260869565216
5 0.500958904109589 0.3567826086956522 0.045662100456621 0.03834782608695652
5 0.5989954337899543 0.28643478260869565 0.032237442922374425 0.051130434782608696
5 0.6876255707762557 0.30817391304347824 0.032237442922374425 0.03834782608695652
5 0.776255707762557 0.1905217391304348 0.02684931506849315 0.043478260869565216
5 0.9266666666666666 0.1828695652173913 0.0536986301369863 0.028130434782608696
5 0.8984474885844749 0.12021739130434782 0.040273972602739724 0.010217391304347826
5 0.8165296803652967 0.13682608695652174 0.032237442922374425 0.03834782608695652
5 0.8581735159817352 0.2455217391304348 0.05105022831050228 0.051130434782608696
5 0.786986301369863 0.31073913043478263 0.06447488584474885 0.043478260869565216
5 0.9750228310502284 0.33373913043478265 0.04296803652968036 0.04860869565217391
5 0.8931050228310502 0.6470434782608695 0.05105022831050228 0.06139130434782608
5 0.7655251141552512 0.6726521739130435 0.02684931506849315 0.01534782608695652
5 0.6742009132420091 0.6227826086956522 0.0536986301369863 0.043478260869565216
5 0.4633333333333333 0.5140869565217391 0.03493150684931507 0.03582608695652174
5 0.5412328767123288 0.4539565217391304 0.05105022831050228 0.043478260869565216
5 0.19474885844748857 0.4872173913043478 0.03493150684931507 0.028130434782608696
5 0.045662100456621 0.547304347826087 0.06447488584474885 0.051130434782608696
5 0.14100456621004565 0.3746956521739131 0.02954337899543379 0.01791304347826087
5 0.4015525114155251 0.969304347826087 0.07789954337899543 0.03582608695652174
5 0.28876712328767123 0.9424347826086956 0.05639269406392694 0.04860869565217391
5 0.37068493150684934 0.8746956521739131 0.08593607305936073 0.03582608695652174
5 0.5143835616438357 0.8529565217391305 0.02954337899543379 0.028130434782608696